14448 55940
14068 51395
14068 47457
14464 43984
14464 40877
15208 38067
15208 35501
16256 33141
16256 30956
17618 28922
17618 27018
19347 25231
19347 23545
21534 21951
21534 20439
24236 19000
24236 17628
27367 16318
27367 15063
30416 13859
30416 12702
32060 11590
32060 10517
31284 9482
29404 8483
26686 7516
23261 6580
18990 5672
16490 5520
16490 5156
12958 4817
12958 4500
9827 4203
9827 3922
7477 3656
7477 3404
5791 3165
5791 2936
4670 2718
4670 2509
3841 2308
3841 2116
3372 1930
3372 1752
3287 1579
3359 1413
3570 1252
4095 1096
4713 945
5661 798
7540 656
11375 517
14310 383
13292 252
14522 124
613285 50
613285 0
